#Tld ModelExport
272 #width
89 #height
342.036499 #min_var
2 #Positive Sample Size
-29.728889 18.271111 -8.728889 -13.728889 -21.728889 -29.728889 -33.728889 -11.728889 10.271111 -36.728889 -32.728889 -30.728889 -26.728889 -27.728889 19.271111 
-32.728889 33.271111 -1.728889 7.271111 8.271111 -19.728889 -25.728889 8.271111 20.271111 -24.728889 -31.728889 -15.728889 -1.728889 -10.728889 28.271111 
-32.728889 39.271111 -5.728889 12.271111 2.271111 -28.728889 -22.728889 16.271111 37.271111 -21.728889 -30.728889 -17.728889 -9.728889 -1.728889 21.271111 
-26.728889 46.271111 0.271111 3.271111 5.271111 -25.728889 -24.728889 19.271111 51.271111 -24.728889 -37.728889 -13.728889 -22.728889 -23.728889 5.271111 
7.271111 -19.728889 6.271111 10.271111 -30.728889 -30.728889 -22.728889 19.271111 56.271111 -12.728889 -32.728889 -32.728889 -26.728889 -3.728889 -23.728889 
-2.728889 33.271111 14.271111 -12.728889 -44.728889 -42.728889 -11.728889 -33.728889 -26.728889 -29.728889 -36.728889 -41.728889 -45.728889 -13.728889 -32.728889 
-0.728889 -4.728889 12.271111 -36.728889 -42.728889 -42.728889 -5.728889 -38.728889 -5.728889 -10.728889 -39.728889 -42.728889 -44.728889 -24.728889 -34.728889 
-8.728889 8.271111 8.271111 -10.728889 -38.728889 -16.728889 -4.728889 2.271111 38.271111 -4.728889 -16.728889 -19.728889 -16.728889 -24.728889 -32.728889 
-28.728889 -42.728889 14.271111 -9.728889 -20.728889 -2.728889 17.271111 5.271111 46.271111 -6.728889 -9.728889 -26.728889 -27.728889 -9.728889 -18.728889 
11.271111 6.271111 18.271111 -1.728889 -11.728889 7.271111 26.271111 29.271111 50.271111 -28.728889 -7.728889 -9.728889 -17.728889 -5.728889 10.271111 
12.271111 25.271111 21.271111 25.271111 17.271111 8.271111 -8.728889 46.271111 59.271111 -31.728889 5.271111 -7.728889 4.271111 3.271111 12.271111 
19.271111 8.271111 30.271111 28.271111 11.271111 22.271111 9.271111 47.271111 56.271111 -34.728889 11.271111 -2.728889 4.271111 11.271111 13.271111 
19.271111 48.271111 34.271111 26.271111 7.271111 23.271111 24.271111 59.271111 57.271111 -28.728889 9.271111 9.271111 4.271111 14.271111 17.271111 
51.271111 21.271111 34.271111 22.271111 17.271111 22.271111 30.271111 59.271111 53.271111 5.271111 8.271111 16.271111 9.271111 13.271111 18.271111 
16.271111 -6.728889 29.271111 22.271111 26.271111 21.271111 -33.728889 58.271111 54.271111 31.271111 4.271111 18.271111 18.271111 12.271111 31.271111 
-31.653336 -13.653336 47.346664 -39.653336 -45.653336 -40.653336 -44.653336 -42.653336 -3.653336 -34.653336 -43.653336 -47.653336 -47.653336 -49.653336 19.346664 
-32.653336 -6.653336 4.346664 -16.653336 -9.653336 -25.653336 -36.653336 -29.653336 15.346664 -22.653336 -40.653336 -36.653336 -26.653336 -14.653336 -21.653336 
-40.653336 3.346664 4.346664 3.346664 5.346664 -18.653336 -28.653336 -13.653336 25.346664 -14.653336 -34.653336 -27.653336 -14.653336 -3.653336 -17.653336 
-15.653336 11.346664 4.346664 11.346664 7.346664 -23.653336 -32.653336 0.346664 44.346664 -13.653336 -36.653336 -23.653336 -7.653336 -21.653336 -14.653336 
5.346664 24.346664 8.346664 -8.653336 -8.653336 -39.653336 -35.653336 -14.653336 60.346664 -17.653336 -41.653336 -28.653336 -27.653336 -34.653336 -29.653336 
115.346664 -15.653336 38.346664 -13.653336 -48.653336 -48.653336 -32.653336 3.346664 63.346664 -14.653336 -37.653336 -42.653336 -45.653336 -16.653336 17.346664 
175.346664 60.346664 54.346664 -11.653336 -49.653336 -50.653336 -43.653336 -41.653336 -28.653336 -31.653336 -27.653336 -19.653336 -47.653336 -37.653336 17.346664 
175.346664 81.346664 34.346664 -35.653336 -10.653336 -49.653336 -15.653336 -32.653336 21.346664 -31.653336 -34.653336 -14.653336 -45.653336 -39.653336 2.346664 
93.346664 -16.653336 28.346664 5.346664 -12.653336 -22.653336 -4.653336 -35.653336 54.346664 -33.653336 -22.653336 -21.653336 -26.653336 -20.653336 -7.653336 
51.346664 162.346664 14.346664 6.346664 -19.653336 -14.653336 6.346664 -33.653336 55.346664 -34.653336 -19.653336 -13.653336 -24.653336 -14.653336 0.346664 
-6.653336 168.346664 12.346664 16.346664 -1.653336 6.346664 22.346664 -25.653336 55.346664 -34.653336 -3.653336 -9.653336 -10.653336 -8.653336 1.346664 
-6.653336 60.346664 19.346664 25.346664 21.346664 8.346664 24.346664 -11.653336 64.346664 -27.653336 6.346664 -7.653336 0.346664 3.346664 7.346664 
7.346664 6.346664 28.346664 27.346664 12.346664 12.346664 21.346664 40.346664 68.346664 11.346664 7.346664 -2.653336 2.346664 9.346664 11.346664 
38.346664 -27.653336 30.346664 24.346664 7.346664 18.346664 20.346664 46.346664 65.346664 15.346664 -0.653336 12.346664 2.346664 9.346664 16.346664 
54.346664 -6.653336 31.346664 24.346664 15.346664 24.346664 14.346664 54.346664 57.346664 29.346664 2.346664 13.346664 16.346664 12.346664 19.346664 
9 #Negative Sample Size
27.653336 -50.346664 -15.346664 14.653336 -16.346664 -34.346664 -43.346664 38.653336 -0.346664 6.653336 13.653336 10.653336 3.653336 28.653336 -61.346664 
26.653336 -48.346664 -18.346664 12.653336 21.653336 -23.346664 -42.346664 40.653336 41.653336 43.653336 47.653336 48.653336 43.653336 24.653336 -64.346664 
25.653336 -48.346664 -17.346664 9.653336 5.653336 5.653336 -44.346664 36.653336 39.653336 41.653336 38.653336 38.653336 33.653336 27.653336 -61.346664 
24.653336 -48.346664 -26.346664 11.653336 -38.346664 15.653336 -16.346664 39.653336 44.653336 43.653336 44.653336 43.653336 42.653336 23.653336 -51.346664 
24.653336 -47.346664 -31.346664 5.653336 -56.346664 25.653336 9.653336 42.653336 44.653336 43.653336 45.653336 42.653336 44.653336 12.653336 -55.346664 
22.653336 -49.346664 -46.346664 -17.346664 -57.346664 19.653336 -2.346664 37.653336 38.653336 41.653336 43.653336 39.653336 44.653336 15.653336 -59.346664 
20.653336 -50.346664 -43.346664 -13.346664 -60.346664 -19.346664 -4.346664 46.653336 33.653336 31.653336 34.653336 31.653336 40.653336 9.653336 -64.346664 
17.653336 -50.346664 -41.346664 -6.346664 -63.346664 -55.346664 -36.346664 30.653336 31.653336 23.653336 32.653336 34.653336 41.653336 12.653336 -66.346664 
16.653336 -52.346664 -39.346664 -26.346664 -63.346664 -59.346664 -35.346664 36.653336 38.653336 37.653336 39.653336 38.653336 35.653336 2.653336 -66.346664 
19.653336 -51.346664 -36.346664 -28.346664 -64.346664 -55.346664 -36.346664 34.653336 24.653336 27.653336 24.653336 33.653336 33.653336 -2.346664 -69.346664 
15.653336 -53.346664 -40.346664 -19.346664 -62.346664 -34.346664 -39.346664 38.653336 33.653336 37.653336 42.653336 34.653336 36.653336 -7.346664 -69.346664 
13.653336 -53.346664 -39.346664 -16.346664 -56.346664 -45.346664 -30.346664 33.653336 34.653336 34.653336 34.653336 33.653336 34.653336 -7.346664 -68.346664 
9.653336 -53.346664 -31.346664 -29.346664 -51.346664 -47.346664 -24.346664 32.653336 35.653336 37.653336 38.653336 32.653336 34.653336 -8.346664 -68.346664 
2.653336 -54.346664 -33.346664 -15.346664 -29.346664 2.653336 -47.346664 27.653336 33.653336 7.653336 19.653336 29.653336 34.653336 -9.346664 -69.346664 
8.653336 -56.346664 -0.346664 17.653336 28.653336 26.653336 -33.346664 35.653336 37.653336 36.653336 33.653336 27.653336 43.653336 -5.346664 -70.346664 
37.911110 47.911110 46.911110 44.911110 42.911110 22.911110 -3.088890 -13.088890 -37.088890 -43.088890 -44.088890 -45.088890 -53.088890 -33.088890 -31.088890 
36.911110 47.911110 47.911110 46.911110 41.911110 27.911110 -3.088890 -15.088890 -28.088890 -37.088890 -42.088890 -45.088890 -57.088890 -35.088890 -30.088890 
32.911110 45.911110 47.911110 46.911110 39.911110 26.911110 -6.088890 -19.088890 -32.088890 -35.088890 -43.088890 -47.088890 -56.088890 -38.088890 -40.088890 
30.911110 45.911110 47.911110 45.911110 40.911110 28.911110 -13.088890 -12.088890 -37.088890 -39.088890 -51.088890 -54.088890 -52.088890 -44.088890 -38.088890 
29.911110 46.911110 45.911110 45.911110 40.911110 29.911110 -12.088890 -15.088890 -39.088890 -41.088890 -47.088890 -55.088890 -52.088890 -42.088890 -41.088890 
30.911110 45.911110 42.911110 46.911110 42.911110 30.911110 -9.088890 -21.088890 -39.088890 -41.088890 -42.088890 -49.088890 -43.088890 -41.088890 -44.088890 
22.911110 44.911110 43.911110 44.911110 40.911110 33.911110 -11.088890 -17.088890 -40.088890 -42.088890 -40.088890 -56.088890 -40.088890 -37.088890 -18.088890 
13.911110 45.911110 44.911110 43.911110 42.911110 33.911110 -2.088890 -27.088890 -40.088890 -41.088890 -38.088890 -47.088890 -51.088890 -42.088890 -35.088890 
18.911110 45.911110 44.911110 43.911110 42.911110 40.911110 -12.088890 -32.088890 -34.088890 -35.088890 -37.088890 -35.088890 -36.088890 -33.088890 -33.088890 
12.911110 45.911110 46.911110 43.911110 40.911110 29.911110 -7.088890 -16.088890 -30.088890 -36.088890 -21.088890 -31.088890 -27.088890 -27.088890 -27.088890 
8.911110 46.911110 46.911110 44.911110 42.911110 31.911110 -11.088890 -19.088890 -12.088890 -11.088890 -21.088890 -15.088890 -20.088890 -22.088890 -26.088890 
3.911110 47.911110 44.911110 42.911110 42.911110 30.911110 -14.088890 -26.088890 -7.088890 -9.088890 -3.088890 -9.088890 -9.088890 -17.088890 -21.088890 
4.911110 46.911110 43.911110 42.911110 41.911110 32.911110 -9.088890 -26.088890 -2.088890 2.911110 -3.088890 -6.088890 -13.088890 -13.088890 -16.088890 
-1.088890 44.911110 43.911110 42.911110 42.911110 32.911110 -20.088890 -31.088890 3.911110 7.911110 3.911110 5.911110 9.911110 8.911110 -1.088890 
-3.088890 46.911110 43.911110 43.911110 41.911110 30.911110 -23.088890 -41.088890 6.911110 8.911110 8.911110 8.911110 10.911110 10.911110 14.911110 
18.191111 -8.808889 -10.808889 -12.808889 -10.808889 -8.808889 -8.808889 -7.808889 -7.808889 -6.808889 -4.808889 -5.808889 -4.808889 -4.808889 -4.808889 
15.191111 -8.808889 -10.808889 -11.808889 -9.808889 -8.808889 -7.808889 -7.808889 -7.808889 -6.808889 -4.808889 -6.808889 -4.808889 -4.808889 -4.808889 
29.191111 -8.808889 -10.808889 -11.808889 -9.808889 -7.808889 -7.808889 -7.808889 -7.808889 -6.808889 -5.808889 -5.808889 -4.808889 -4.808889 -4.808889 
36.191109 -5.808889 -10.808889 -11.808889 -9.808889 -7.808889 -7.808889 -6.808889 -5.808889 -5.808889 -4.808889 -6.808889 -4.808889 -3.808889 -4.808889 
17.191111 -7.808889 -10.808889 -11.808889 -8.808889 -7.808889 -7.808889 -7.808889 -5.808889 -5.808889 -4.808889 -5.808889 -4.808889 -4.808889 -3.808889 
42.191109 -6.808889 -9.808889 -12.808889 -9.808889 -7.808889 -7.808889 -5.808889 -5.808889 -4.808889 -4.808889 -4.808889 -3.808889 -3.808889 -3.808889 
33.191109 -6.808889 -10.808889 -12.808889 -9.808889 -7.808889 -7.808889 -4.808889 -5.808889 -3.808889 -4.808889 -2.808889 -3.808889 -2.808889 -1.808889 
48.191109 -7.808889 -10.808889 -11.808889 -8.808889 -7.808889 -7.808889 -5.808889 -4.808889 -4.808889 -2.808889 -2.808889 -2.808889 -2.808889 -5.808889 
40.191109 -7.808889 -10.808889 -12.808889 -8.808889 -7.808889 -7.808889 -4.808889 -4.808889 -4.808889 -2.808889 -2.808889 -3.808889 -0.808889 -3.808889 
52.191109 -7.808889 -10.808889 -13.808889 -9.808889 -7.808889 -7.808889 -4.808889 -4.808889 -4.808889 -3.808889 -3.808889 -2.808889 0.191111 2.191111 
61.191109 -7.808889 -9.808889 -12.808889 -9.808889 -7.808889 -7.808889 -4.808889 -5.808889 -3.808889 -3.808889 -2.808889 -3.808889 0.191111 61.191109 
75.191109 -8.808889 -9.808889 -12.808889 -9.808889 -7.808889 -7.808889 -4.808889 -4.808889 -3.808889 -3.808889 -2.808889 -1.808889 -4.808889 96.191109 
73.191109 -7.808889 -9.808889 -12.808889 -9.808889 -7.808889 -5.808889 -5.808889 -3.808889 -4.808889 -2.808889 -3.808889 -1.808889 45.191109 86.191109 
69.191109 -4.808889 -8.808889 -11.808889 -9.808889 -7.808889 -5.808889 -4.808889 -4.808889 -4.808889 -3.808889 -1.808889 0.191111 101.191109 78.191109 
63.191109 -5.808889 -8.808889 -11.808889 -9.808889 -7.808889 -6.808889 -5.808889 -4.808889 -4.808889 -3.808889 -0.808889 20.191111 91.191109 73.191109 
4.835556 3.835556 4.835556 4.835556 5.835556 3.835556 3.835556 4.835556 3.835556 1.835556 2.835556 1.835556 1.835556 1.835556 2.835556 
3.835556 3.835556 4.835556 3.835556 4.835556 5.835556 4.835556 3.835556 3.835556 1.835556 1.835556 1.835556 1.835556 0.835556 1.835556 
4.835556 3.835556 5.835556 1.835556 5.835556 3.835556 3.835556 3.835556 3.835556 2.835556 2.835556 1.835556 -0.164444 1.835556 0.835556 
7.835556 5.835556 4.835556 1.835556 1.835556 4.835556 2.835556 4.835556 5.835556 2.835556 2.835556 1.835556 0.835556 2.835556 0.835556 
-9.164444 -15.164444 -13.164444 -11.164444 -12.164444 -7.164444 -5.164444 -5.164444 -1.164444 -1.164444 -3.164444 -6.164444 -4.164444 -5.164444 -4.164444 
-41.164444 -35.164444 -37.164444 -36.164444 -33.164444 -33.164444 -33.164444 -34.164444 -36.164444 -35.164444 -35.164444 -38.164444 -37.164444 -32.164444 -31.164444 
-54.164444 -57.164444 -55.164444 -58.164444 -56.164444 -61.164444 -55.164444 -55.164444 -58.164444 -54.164444 -56.164444 -49.164444 -47.164444 -47.164444 -51.164444 
-71.164444 -69.164444 -64.164444 -64.164444 -66.164444 -65.164444 -68.164444 -67.164444 -67.164444 -66.164444 -61.164444 -64.164444 -64.164444 -59.164444 -62.164444 
-20.164444 -22.164444 -34.164444 -37.164444 -36.164444 -34.164444 -33.164444 -33.164444 -33.164444 -40.164444 -33.164444 -37.164444 -33.164444 -36.164444 -39.164444 
-17.164444 -18.164444 -25.164444 -26.164444 -27.164444 -27.164444 -28.164444 -28.164444 -27.164444 -24.164444 -25.164444 -26.164444 -24.164444 -25.164444 -23.164444 
-13.164444 -17.164444 -27.164444 -33.164444 -33.164444 -32.164444 -30.164444 -30.164444 -30.164444 -32.164444 -35.164444 -29.164444 -30.164444 -27.164444 -28.164444 
82.835556 79.835556 48.835556 48.835556 43.835556 45.835556 42.835556 42.835556 42.835556 41.835556 39.835556 35.835556 38.835556 40.835556 45.835556 
89.835556 87.835556 58.835556 57.835556 58.835556 54.835556 53.835556 52.835556 53.835556 55.835556 54.835556 56.835556 57.835556 58.835556 67.835556 
88.835556 87.835556 59.835556 57.835556 57.835556 58.835556 54.835556 54.835556 54.835556 57.835556 58.835556 56.835556 57.835556 58.835556 68.835556 
89.835556 89.835556 60.835556 58.835556 57.835556 58.835556 57.835556 57.835556 57.835556 56.835556 57.835556 57.835556 58.835556 60.835556 68.835556 
-25.448883 -25.448883 -26.448883 -142.448883 7.551117 31.551117 32.551117 32.551117 32.551117 5.551117 -10.448883 -11.448883 -12.448883 -11.448883 -14.448883 
-25.448883 -30.448883 -105.448883 -41.448883 31.551117 32.551117 32.551117 32.551117 32.551117 8.551117 -10.448883 -13.448883 -14.448883 -13.448883 -14.448883 
-27.448883 -31.448883 -150.448883 -19.448883 30.551117 32.551117 32.551117 31.551117 31.551117 11.551117 -10.448883 -12.448883 -14.448883 -14.448883 -14.448883 
-29.448883 -38.448883 -102.448883 23.551117 31.551117 32.551117 32.551117 31.551117 31.551117 18.551117 -10.448883 -11.448883 -12.448883 -12.448883 -15.448883 
-32.448883 -154.448883 -30.448883 31.551117 32.551117 32.551117 32.551117 31.551117 31.551117 23.551117 -10.448883 -12.448883 -12.448883 -12.448883 -14.448883 
-27.448883 -150.448883 1.551117 31.551117 32.551117 32.551117 31.551117 31.551117 31.551117 24.551117 -10.448883 -11.448883 -12.448883 -13.448883 -15.448883 
-87.448883 -57.448883 27.551117 31.551117 31.551117 32.551117 31.551117 31.551117 31.551117 30.551117 -9.448883 -11.448883 -11.448883 -13.448883 -14.448883 
-162.448883 -31.448883 31.551117 31.551117 31.551117 32.551117 31.551117 31.551117 31.551117 30.551117 -8.448883 -11.448883 -11.448883 -14.448883 -15.448883 
-151.448883 14.551117 31.551117 31.551117 31.551117 32.551117 31.551117 31.551117 31.551117 31.551117 -10.448883 -12.448883 -13.448883 -13.448883 -14.448883 
-136.448883 14.551117 32.551117 31.551117 31.551117 32.551117 31.551117 31.551117 31.551117 31.551117 -10.448883 -11.448883 -13.448883 -13.448883 -14.448883 
-125.448883 9.551117 32.551117 31.551117 31.551117 32.551117 31.551117 31.551117 31.551117 31.551117 -8.448883 -10.448883 -12.448883 -13.448883 -13.448883 
-126.448883 3.551117 31.551117 31.551117 31.551117 32.551117 31.551117 31.551117 31.551117 31.551117 -9.448883 -11.448883 -11.448883 -13.448883 -14.448883 
-127.448883 -1.448883 31.551117 31.551117 32.551117 32.551117 31.551117 31.551117 31.551117 32.551117 -9.448883 -12.448883 -13.448883 -13.448883 -14.448883 
-126.448883 -11.448883 31.551117 31.551117 32.551117 32.551117 31.551117 32.551117 32.551117 32.551117 -9.448883 -11.448883 -13.448883 -13.448883 -14.448883 
-129.448883 -17.448883 31.551117 31.551117 32.551117 32.551117 31.551117 32.551117 32.551117 32.551117 -9.448883 -12.448883 -13.448883 -13.448883 -15.448883 
-111.399994 -103.399994 -97.399994 -91.399994 -90.399994 -93.399994 -97.399994 -92.399994 -65.399994 -44.399994 -28.399994 -23.399994 -12.399994 -0.399994 8.600006 
-54.399994 -56.399994 -64.399994 -71.399994 -76.399994 -90.399994 -98.399994 -100.399994 -98.399994 -95.399994 -100.399994 -98.399994 -96.399994 -94.399994 -86.399994 
10.600006 10.600006 12.600006 11.600006 7.600006 0.600006 -6.399994 -17.399994 -21.399994 -27.399994 -35.399994 -46.399994 -60.399994 -65.399994 -80.399994 
10.600006 12.600006 13.600006 12.600006 12.600006 13.600006 13.600006 13.600006 13.600006 13.600006 13.600006 13.600006 11.600006 13.600006 10.600006 
9.600006 12.600006 12.600006 11.600006 13.600006 13.600006 13.600006 13.600006 13.600006 14.600006 13.600006 13.600006 13.600006 13.600006 13.600006 
11.600006 12.600006 12.600006 12.600006 12.600006 12.600006 13.600006 13.600006 13.600006 12.600006 13.600006 13.600006 13.600006 13.600006 13.600006 
12.600006 13.600006 13.600006 12.600006 13.600006 13.600006 13.600006 13.600006 13.600006 13.600006 14.600006 14.600006 14.600006 14.600006 14.600006 
13.600006 13.600006 13.600006 13.600006 13.600006 13.600006 14.600006 14.600006 14.600006 14.600006 14.600006 14.600006 14.600006 14.600006 14.600006 
13.600006 13.600006 13.600006 13.600006 13.600006 14.600006 14.600006 14.600006 14.600006 14.600006 14.600006 14.600006 14.600006 14.600006 14.600006 
14.600006 14.600006 14.600006 14.600006 14.600006 14.600006 14.600006 14.600006 14.600006 14.600006 14.600006 14.600006 14.600006 14.600006 14.600006 
14.600006 14.600006 14.600006 14.600006 14.600006 14.600006 14.600006 14.600006 14.600006 14.600006 14.600006 14.600006 14.600006 14.600006 14.600006 
14.600006 14.600006 14.600006 14.600006 14.600006 14.600006 14.600006 14.600006 13.600006 14.600006 14.600006 14.600006 14.600006 14.600006 14.600006 
14.600006 14.600006 14.600006 14.600006 14.600006 14.600006 14.600006 14.600006 13.600006 14.600006 14.600006 14.600006 14.600006 14.600006 14.600006 
14.600006 14.600006 14.600006 14.600006 14.600006 14.600006 14.600006 14.600006 14.600006 14.600006 14.600006 14.600006 14.600006 14.600006 14.600006 
14.600006 14.600006 14.600006 14.600006 14.600006 14.600006 14.600006 14.600006 14.600006 14.600006 14.600006 14.600006 14.600006 14.600006 14.600006 
39.257782 39.257782 38.257782 -66.742218 -64.742218 -68.742218 -62.742218 -62.742218 -59.742218 -57.742218 -52.742218 -49.742218 -44.742218 -40.742218 -35.742218 
39.257782 39.257782 38.257782 -67.742218 -81.742218 -76.742218 -73.742218 -73.742218 -72.742218 -64.742218 -65.742218 -65.742218 -63.742218 -63.742218 -61.742218 
39.257782 39.257782 38.257782 -68.742218 -88.742218 -88.742218 -88.742218 -78.742218 -76.742218 -72.742218 -70.742218 -65.742218 -68.742218 -71.742218 -71.742218 
39.257782 39.257782 38.257782 -32.742218 -92.742218 -99.742218 -99.742218 -92.742218 -37.742218 21.257782 22.257782 10.257782 -4.742218 -14.742218 -23.742218 
40.257782 39.257782 38.257782 20.257782 -96.742218 -106.742218 -103.742218 -104.742218 -62.742218 38.257782 36.257782 36.257782 35.257782 35.257782 34.257782 
40.257782 40.257782 39.257782 37.257782 -102.742218 -109.742218 -107.742218 -109.742218 -104.742218 1.257782 31.257782 31.257782 36.257782 35.257782 33.257782 
40.257782 40.257782 39.257782 37.257782 -88.742218 -108.742218 -115.742218 -111.742218 -116.742218 -103.742218 -80.742218 -59.742218 -53.742218 -50.742218 -49.742218 
40.257782 40.257782 39.257782 38.257782 31.257782 -4.742218 -43.742218 -67.742218 -93.742218 -93.742218 -73.742218 -81.742218 -85.742218 -80.742218 -83.742218 
40.257782 40.257782 39.257782 38.257782 36.257782 37.257782 36.257782 33.257782 34.257782 20.257782 24.257782 31.257782 27.257782 20.257782 17.257782 
40.257782 40.257782 39.257782 39.257782 38.257782 38.257782 37.257782 36.257782 37.257782 38.257782 38.257782 35.257782 36.257782 37.257782 37.257782 
40.257782 40.257782 40.257782 39.257782 39.257782 39.257782 39.257782 39.257782 38.257782 39.257782 39.257782 37.257782 37.257782 37.257782 38.257782 
40.257782 40.257782 40.257782 40.257782 40.257782 40.257782 39.257782 39.257782 39.257782 39.257782 39.257782 39.257782 38.257782 39.257782 39.257782 
40.257782 40.257782 40.257782 40.257782 40.257782 39.257782 39.257782 40.257782 39.257782 39.257782 39.257782 39.257782 39.257782 39.257782 39.257782 
40.257782 40.257782 40.257782 40.257782 40.257782 40.257782 40.257782 40.257782 39.257782 39.257782 39.257782 40.257782 40.257782 40.257782 40.257782 
40.257782 40.257782 40.257782 40.257782 40.257782 40.257782 40.257782 40.257782 40.257782 40.257782 40.257782 40.257782 40.257782 40.257782 40.257782 
25.080002 5.080002 -4.919998 -5.919998 -14.919998 1.080002 6.080002 23.080002 35.080002 29.080002 10.080002 3.080002 -7.919998 -12.919998 -5.919998 
-9.919998 -22.919998 -14.919998 -12.919998 -14.919998 -15.919998 -2.919998 24.080002 32.080002 27.080002 -11.919998 -20.919998 -14.919998 -14.919998 -19.919998 
-10.919998 -24.919998 -25.919998 -23.919998 -21.919998 -24.919998 -7.919998 17.080002 33.080002 15.080002 -12.919998 -15.919998 -23.919998 -23.919998 -23.919998 
-24.919998 -27.919998 -26.919998 -24.919998 -25.919998 -23.919998 -12.919998 15.080002 25.080002 11.080002 -11.919998 -20.919998 -23.919998 -26.919998 -26.919998 
-28.919998 -28.919998 -25.919998 -20.919998 -23.919998 -22.919998 -21.919998 11.080002 22.080002 9.080002 -11.919998 -17.919998 -26.919998 -25.919998 -27.919998 
-23.919998 -23.919998 -22.919998 -19.919998 -22.919998 -21.919998 -21.919998 10.080002 22.080002 11.080002 -10.919998 -23.919998 -23.919998 -20.919998 -27.919998 
-12.919998 -16.919998 -21.919998 -15.919998 -14.919998 -21.919998 -17.919998 17.080002 27.080002 23.080002 -11.919998 -21.919998 -22.919998 -18.919998 -21.919998 
-5.919998 -6.919998 -9.919998 -10.919998 -15.919998 -17.919998 -8.919998 23.080002 34.080002 29.080002 3.080002 -15.919998 -19.919998 -14.919998 -13.919998 
14.080002 7.080002 -4.919998 -6.919998 -9.919998 -6.919998 -0.919998 30.080002 41.080002 34.080002 6.080002 -15.919998 -13.919998 -11.919998 -6.919998 
26.080002 19.080002 5.080002 -6.919998 -8.919998 -2.919998 9.080002 36.080002 50.080002 43.080002 0.080002 -7.919998 -12.919998 -10.919998 -0.919998 
32.080002 24.080002 3.080002 -4.919998 -4.919998 -2.919998 13.080002 44.080002 54.080002 35.080002 8.080002 -7.919998 -13.919998 -9.919998 0.080002 
11.080002 7.080002 -4.919998 -4.919998 -6.919998 -1.919998 15.080002 49.080002 69.080002 53.080002 15.080002 -11.919998 -12.919998 -6.919998 -6.919998 
21.080002 17.080002 2.080002 -5.919998 -3.919998 -0.919998 17.080002 52.080002 77.080002 58.080002 11.080002 -14.919998 -14.919998 -8.919998 -3.919998 
6.080002 3.080002 4.080002 -7.919998 -4.919998 -1.919998 14.080002 50.080002 80.080002 60.080002 4.080002 -18.919998 -5.919998 -2.919998 -2.919998 
5.080002 -8.919998 -4.919998 -5.919998 -6.919998 -3.919998 16.080002 63.080002 81.080002 74.080002 6.080002 -5.919998 -5.919998 -11.919998 -12.919998 
13.662216 11.662216 10.662216 9.662216 6.662216 -109.337784 -140.337784 -148.337784 -157.337784 -153.337784 -158.337784 -150.337784 -112.337784 -36.337784 -2.337784 
15.662216 16.662216 15.662216 15.662216 16.662216 13.662216 15.662216 14.662216 11.662216 5.662216 3.662216 -1.337784 -6.337784 7.662216 11.662216 
16.662216 16.662216 16.662216 16.662216 16.662216 14.662216 14.662216 13.662216 14.662216 13.662216 14.662216 15.662216 15.662216 15.662216 14.662216 
16.662216 16.662216 16.662216 15.662216 15.662216 14.662216 14.662216 13.662216 15.662216 14.662216 14.662216 15.662216 15.662216 16.662216 15.662216 
16.662216 16.662216 16.662216 15.662216 13.662216 14.662216 15.662216 15.662216 15.662216 14.662216 14.662216 15.662216 15.662216 16.662216 15.662216 
16.662216 16.662216 -53.337784 -52.337784 -22.337784 -3.337784 7.662216 14.662216 15.662216 15.662216 14.662216 14.662216 15.662216 15.662216 15.662216 
16.662216 16.662216 -25.337784 -103.337784 -105.337784 -93.337784 -90.337784 -92.337784 -85.337784 -88.337784 -84.337784 -79.337784 -76.337784 -73.337784 -69.337784 
16.662216 16.662216 15.662216 -105.337784 -107.337784 11.662216 13.662216 14.662216 15.662216 14.662216 14.662216 3.662216 -8.337784 -24.337784 -24.337784 
16.662216 16.662216 16.662216 14.662216 8.662216 -7.337784 -17.337784 -28.337784 -29.337784 -33.337784 -19.337784 -9.337784 -1.337784 -13.337784 -1.337784 
16.662216 16.662216 16.662216 15.662216 15.662216 15.662216 15.662216 15.662216 15.662216 15.662216 14.662216 14.662216 14.662216 13.662216 14.662216 
16.662216 16.662216 16.662216 16.662216 16.662216 16.662216 16.662216 16.662216 16.662216 16.662216 16.662216 16.662216 16.662216 16.662216 16.662216 
16.662216 16.662216 16.662216 16.662216 16.662216 16.662216 16.662216 16.662216 16.662216 16.662216 16.662216 16.662216 16.662216 16.662216 16.662216 
16.662216 16.662216 16.662216 16.662216 16.662216 16.662216 16.662216 16.662216 16.662216 16.662216 16.662216 16.662216 16.662216 16.662216 16.662216 
16.662216 16.662216 16.662216 16.662216 16.662216 16.662216 16.662216 16.662216 16.662216 16.662216 16.662216 16.662216 16.662216 16.662216 16.662216 
16.662216 16.662216 16.662216 16.662216 16.662216 16.662216 16.662216 16.662216 16.662216 16.662216 16.662216 16.662216 16.662216 16.662216 16.662216 
10 #numtrees
13 #numFeatures
#Tree 0
0.186335 0.735653 0.115053 0.698659 # Feature 0
0.355604 0.638300 0.908211 0.294000 # Feature 1
0.264972 0.377494 0.541620 0.009282 # Feature 2
0.999465 0.012902 0.842497 0.852470 # Feature 3
0.467011 0.053607 0.976748 0.196755 # Feature 4
0.856973 0.144214 0.800662 0.729398 # Feature 5
0.985791 0.183406 0.499760 0.469862 # Feature 6
0.970991 0.450770 0.095792 0.974082 # Feature 7
0.390235 0.680670 0.026669 0.231241 # Feature 8
0.468739 0.097960 0.415410 0.796294 # Feature 9
0.316403 0.778534 0.828493 0.487140 # Feature 10
0.369049 0.602845 0.024264 0.811112 # Feature 11
0.355793 0.806109 0.274877 0.859817 # Feature 12
113 #numLeaves
20 1 0
22 1 0
84 1 0
116 1 0
260 2 0
626 1 0
630 1 0
724 1 0
756 2 0
1044 2 0
1092 1 1
1237 1 0
1284 1 1
1525 1 0
1604 1 0
1813 1 0
2069 1 0
2070 2 0
2101 2 0
2133 1 1
2197 1 0
2199 1 0
2261 6 0
2269 2 0
2292 1 0
2308 2 1
2317 1 0
2324 3 0
2326 3 0
2332 2 1
2334 2 0
2359 1 0
2389 1 0
2445 1 0
2453 1 0
2483 1 0
2660 1 0
2661 2 0
2676 1 0
2677 1 0
2683 2 0
2804 1 0
2838 1 0
3076 2 2
3092 1 1
3140 2 2
3156 2 0
3284 1 0
3332 8 6
3348 2 2
3396 1 0
3460 1 2
3472 1 0
3685 1 1
3697 1 0
3701 1 0
3702 1 0
3703 2 0
3812 1 0
3828 1 0
3956 1 0
4036 1 0
4096 1 0
4116 1 0
4118 1 0
4148 1 0
4180 2 0
4310 1 0
4340 1 0
4342 1 0
4356 6 0
4693 1 0
4706 1 0
4805 1 0
5140 1 0
5172 1 0
5188 3 0
5200 1 0
5268 2 0
5284 1 0
5332 2 0
5380 2 0
5520 1 0
6164 1 0
6228 1 0
6231 1 0
6295 1 0
6341 1 0
6356 1 0
6388 1 0
6389 1 0
6404 3 0
6429 1 0
6485 1 0
6741 1 0
6757 1 0
6758 2 0
6759 1 0
6773 1 0
6774 1 0
6782 1 0
6869 1 0
6917 2 0
7125 1 0
7172 2 0
7236 7 1
7252 1 0
7428 6 1
7476 1 0
7556 1 0
7781 1 1
7797 1 0
7805 3 0
#Tree 1
0.951019 0.777276 0.680837 0.835185 # Feature 0
0.961130 0.705425 0.073751 0.536857 # Feature 1
0.957186 0.418065 0.418777 0.381617 # Feature 2
0.836927 0.240062 0.726211 0.431613 # Feature 3
0.116691 0.223913 0.309588 0.244801 # Feature 4
0.377034 0.807539 0.314736 0.775230 # Feature 5
0.283334 0.996349 0.632867 0.600911 # Feature 6
0.509480 0.834129 0.199443 0.035981 # Feature 7
0.730005 0.197911 0.293198 0.770347 # Feature 8
0.214750 0.309220 0.060663 0.557590 # Feature 9
0.416917 0.115945 0.685545 0.959951 # Feature 10
0.893088 0.136134 0.997800 0.027973 # Feature 11
0.148065 0.522975 0.641339 0.989146 # Feature 12
128 #numLeaves
2 1 1
32 1 0
132 1 0
162 1 1
228 1 0
256 1 0
288 1 1
354 2 2
384 1 0
454 1 0
484 1 0
544 1 0
546 1 1
578 1 0
610 1 0
611 1 0
776 1 0
808 1 0
834 2 0
866 7 1
932 1 0
934 1 0
994 2 1
995 1 0
1026 7 0
1027 1 0
1034 2 0
1058 2 0
1090 1 0
1122 1 0
1186 1 0
1254 1 0
1280 1 0
1282 1 0
1314 1 0
1376 1 1
1384 1 0
1389 1 0
1508 1 0
1538 2 0
1570 1 0
1634 3 0
1762 1 0
1766 1 0
1858 1 0
1888 3 3
1890 1 1
1892 1 0
1897 3 0
1900 1 0
1990 1 0
1995 1 0
2016 1 0
2020 1 0
2024 1 0
2025 6 0
2027 1 0
2912 1 0
3014 1 0
3043 1 0
3936 1 0
3944 2 1
3945 1 0
4041 2 0
4065 1 0
4067 1 0
4072 1 0
4073 1 0
4448 2 0
4450 1 1
4452 1 0
4453 1 0
4454 1 0
4578 1 0
4834 1 0
4842 1 0
4962 3 0
5089 1 0
5090 3 0
5091 2 1
5097 1 0
5098 1 0
5222 1 0
5346 1 0
5472 1 0
5476 1 0
5480 1 0
5579 1 0
5608 1 0
5610 1 0
5635 1 0
5864 1 0
6091 1 0
6112 1 0
6114 1 0
6115 1 0
6116 1 0
6120 1 0
6121 2 0
6122 1 0
6123 1 0
6499 2 0
6635 1 0
6882 1 0
6890 1 0
7022 1 0
7139 2 0
7145 1 0
7146 1 0
7147 2 0
7528 1 0
7529 1 0
7595 1 0
7625 1 0
7627 1 0
7648 1 0
7652 1 0
7918 1 0
8041 1 0
8044 1 0
8105 3 0
8109 1 0
8136 1 0
8161 2 0
8163 1 0
8169 3 0
8171 1 0
8175 1 0
#Tree 2
0.578133 0.680530 0.674978 0.362046 # Feature 0
0.914710 0.530369 0.917611 0.283109 # Feature 1
0.208989 0.471816 0.806578 0.161689 # Feature 2
0.514298 0.813117 0.064168 0.479624 # Feature 3
0.043310 0.902915 0.294501 0.685730 # Feature 4
0.066033 0.821220 0.242774 0.310257 # Feature 5
0.492554 0.356179 0.307991 0.396982 # Feature 6
0.070916 0.886517 0.684032 0.528226 # Feature 7
0.902819 0.686503 0.063316 0.152140 # Feature 8
0.023765 0.418943 0.174793 0.752751 # Feature 9
0.490316 0.747744 0.329275 0.117577 # Feature 10
0.118128 0.374985 0.376970 0.728745 # Feature 11
0.014481 0.382013 0.490500 0.827577 # Feature 12
133 #numLeaves
751 1 0
1327 1 0
1420 1 0
1438 1 0
1453 2 0
1455 3 1
2535 1 0
2550 1 0
2932 1 0
2943 2 0
3245 1 0
3503 1 0
3575 1 0
3951 1 0
3999 1 0
4523 1 0
4525 2 0
4527 1 1
4537 1 0
4582 2 0
4588 1 0
4589 1 0
4590 2 0
4797 1 0
4838 3 0
4848 1 0
4852 1 1
4861 1 0
4921 1 0
4951 1 0
4966 1 0
4981 1 0
5036 1 0
5037 1 0
5092 1 1
5094 1 0
5097 1 0
5100 1 0
5101 1 0
5110 1 0
5116 1 0
5118 1 0
5366 1 0
5389 2 0
5421 1 0
5549 2 1
5551 1 3
5563 1 0
5590 1 0
5609 1 0
5613 2 0
5615 1 1
5622 1 0
5718 1 0
5734 1 0
5862 1 0
5885 1 0
5943 2 0
5951 1 0
5983 2 0
5990 1 0
6007 1 0
6011 1 0
6116 1 0
6118 3 0
6134 2 0
6143 1 0
6518 1 0
6564 1 0
6569 1 0
6571 1 1
6573 1 0
6575 1 1
6628 1 0
6630 1 0
6631 1 0
6637 2 0
6638 1 0
6639 1 0
6655 1 0
6742 1 0
6839 1 0
6886 2 0
6896 1 0
6901 1 0
6902 3 0
6903 1 0
6911 1 0
6971 1 0
6982 2 0
7028 1 0
7030 1 0
7039 1 0
7084 1 0
7151 2 0
7158 4 0
7163 1 0
7166 3 0
7167 2 0
7252 1 0
7270 1 0
7341 1 0
7412 1 0
7414 1 0
7437 1 0
7453 1 0
7595 1 1
7597 6 2
7599 2 4
7638 1 0
7661 1 0
7663 1 2
7673 1 0
7798 3 0
7924 2 0
7926 1 0
7927 1 0
7933 1 0
7935 1 0
7956 1 0
7975 1 0
7990 1 0
7991 1 0
7999 1 0
8054 2 0
8118 1 0
8166 1 0
8175 3 0
8180 1 1
8182 1 0
8188 1 0
8189 1 0
8191 1 0
#Tree 3
0.079665 0.923967 0.118042 0.938252 # Feature 0
0.195973 0.726118 0.857863 0.103638 # Feature 1
0.838910 0.565110 0.810401 0.406969 # Feature 2
0.934977 0.160874 0.816055 0.431740 # Feature 3
0.248101 0.830523 0.596219 0.645779 # Feature 4
0.608169 0.495466 0.304382 0.755627 # Feature 5
0.828610 0.455551 0.438145 0.897431 # Feature 6
0.118944 0.098993 0.780746 0.997533 # Feature 7
0.539817 0.698849 0.561277 0.384786 # Feature 8
0.092576 0.929386 0.192648 0.841255 # Feature 9
0.969377 0.318446 0.128000 0.288386 # Feature 10
0.909935 0.279053 0.041813 0.755507 # Feature 11
0.809000 0.866245 0.973542 0.313588 # Feature 12
118 #numLeaves
281 1 0
1292 2 0
1305 1 0
1677 1 0
1813 1 0
2340 1 0
2353 2 0
2356 1 0
2364 1 0
2401 1 0
2416 1 0
2424 2 0
2488 2 0
2594 2 0
2610 1 0
2713 1 0
2741 1 0
2845 1 0
2848 3 0
2852 2 0
2860 1 0
2865 3 0
2876 2 0
2928 1 0
3058 1 0
3101 1 0
3249 1 0
3377 1 2
3380 1 0
3390 1 0
3605 1 1
3642 1 0
3698 1 0
3729 3 0
3733 1 0
3741 1 0
3761 1 0
3763 1 0
3825 1 0
3844 1 0
3861 1 0
3869 1 1
3878 1 0
3888 2 0
3889 4 1
3891 3 0
3897 3 1
3899 1 0
3900 1 0
3902 1 0
3953 2 0
3954 1 0
3966 1 0
4377 4 0
5385 4 0
5388 2 0
5400 1 0
5401 1 1
5417 2 0
5433 1 0
6153 1 0
6417 1 0
6425 2 0
6436 2 0
6444 2 0
6452 1 0
6460 1 0
6584 1 0
6648 1 0
6665 1 0
6669 1 0
6681 1 0
6685 1 0
6913 1 0
6921 1 0
6933 1 1
6936 1 0
6937 1 1
6948 1 0
6956 2 0
7138 1 0
7433 3 1
7436 1 0
7449 3 4
7465 1 0
7484 1 0
7536 1 0
7685 1 0
7689 1 1
7693 2 0
7701 1 0
7705 3 0
7709 2 0
7729 4 0
7731 1 0
7741 1 0
7800 1 0
7801 1 0
7813 1 0
7817 2 0
7833 3 1
7849 1 0
7859 1 0
7865 1 0
7867 1 0
7957 1 0
7961 4 3
7965 1 0
7974 1 0
7980 1 0
7982 2 0
7985 2 0
7989 1 0
7992 1 0
7993 4 2
7996 1 1
7998 1 0
8049 1 0
#Tree 4
0.467796 0.243043 0.823443 0.599616 # Feature 0
0.743698 0.327666 0.083177 0.951141 # Feature 1
0.823081 0.527120 0.310802 0.646964 # Feature 2
0.528517 0.786098 0.952491 0.515310 # Feature 3
0.819254 0.207083 0.441171 0.757170 # Feature 4
0.750571 0.841331 0.249552 0.217529 # Feature 5
0.001762 0.607765 0.712493 0.871079 # Feature 6
0.223777 0.014975 0.680696 0.452619 # Feature 7
0.175361 0.288400 0.131390 0.272306 # Feature 8
0.650010 0.719640 0.990750 0.535381 # Feature 9
0.148002 0.469616 0.838895 0.313227 # Feature 10
0.398227 0.005280 0.739131 0.580106 # Feature 11
0.833602 0.347811 0.666053 0.354997 # Feature 12
119 #numLeaves
124 2 0
126 1 0
236 2 0
252 1 0
558 1 0
620 1 2
621 1 0
622 2 0
627 1 0
636 5 0
638 1 0
684 2 3
685 3 2
730 1 0
737 1 0
740 6 0
741 1 0
748 1 1
749 5 1
750 1 0
757 3 0
761 1 0
764 3 3
765 4 0
766 1 0
767 1 0
940 1 0
996 2 0
997 1 0
1775 3 0
2126 2 0
4101 1 0
4149 2 0
4220 1 0
4234 1 0
4257 2 0
4259 2 0
4261 1 0
4263 2 0
4275 1 0
4279 1 0
4299 1 0
4304 1 0
4319 1 0
4324 1 0
4325 2 0
4327 1 0
4331 2 0
4336 1 0
4341 3 0
4343 1 0
4347 1 0
4348 1 0
4351 1 0
4613 1 0
4679 1 0
4681 1 0
4685 1 0
4700 2 0
4717 3 0
4723 1 0
4737 1 0
4738 1 0
4769 2 0
4771 2 0
4772 2 0
4773 2 0
4775 2 0
4779 1 1
4780 1 1
4781 1 0
4811 1 0
4828 1 0
4830 1 2
4835 1 0
4836 2 0
4837 3 1
4841 1 0
4843 1 0
4844 2 0
4847 1 1
4851 2 0
4853 1 0
4857 1 0
4860 1 0
4869 1 0
4877 1 0
4900 1 0
4933 1 0
4941 3 0
4949 1 0
5060 1 0
5068 1 0
5077 1 0
5097 1 0
5101 1 0
5109 1 0
5188 1 0
5333 1 0
5349 1 0
5351 2 0
5701 1 0
5733 1 0
5741 1 0
5743 1 0
5795 1 0
5797 1 0
5799 1 0
5871 1 0
6069 1 0
6141 1 0
6371 1 0
6387 1 0
6389 1 0
6391 1 0
6693 1 0
6765 1 0
6989 2 0
7149 1 0
#Tree 5
0.440056 0.014917 0.711650 0.706767 # Feature 0
0.635577 0.146365 0.957588 0.183773 # Feature 1
0.679720 0.048127 0.868372 0.730391 # Feature 2
0.687771 0.373259 0.371670 0.663645 # Feature 3
0.885499 0.586742 0.364694 0.406085 # Feature 4
0.074557 0.075646 0.387668 0.531298 # Feature 5
0.530090 0.229013 0.019601 0.439384 # Feature 6
0.726733 0.208291 0.749222 0.166750 # Feature 7
0.575130 0.211249 0.463603 0.769233 # Feature 8
0.500986 0.067848 0.329472 0.430096 # Feature 9
0.618497 0.083210 0.503956 0.994747 # Feature 10
0.709054 0.062870 0.660779 0.710643 # Feature 11
0.782565 0.561767 0.616937 0.851959 # Feature 12
105 #numLeaves
8 3 0
32 1 3
40 2 1
41 1 0
56 1 0
72 1 0
90 1 0
96 1 0
104 2 0
136 1 1
144 1 0
152 1 0
184 1 0
216 3 0
240 1 0
248 5 0
264 8 0
280 2 0
282 1 0
312 3 0
314 1 0
328 1 0
344 3 0
346 1 0
360 1 0
376 2 0
392 3 2
393 1 0
402 1 0
408 3 0
410 1 0
416 3 4
424 1 2
456 6 0
457 4 0
464 1 0
472 7 0
672 1 0
944 1 0
2208 2 3
2320 1 0
2328 1 0
2330 2 0
2336 1 0
2436 1 1
2440 3 0
2448 5 0
2456 1 0
2464 2 1
2468 1 1
2472 1 1
2480 2 0
2504 1 1
2720 1 0
2976 1 0
3116 1 0
3232 1 0
3236 1 0
3368 2 0
3460 1 0
3468 1 0
3488 1 0
3492 1 0
3496 1 0
3500 1 0
3744 4 0
4008 1 0
4136 4 0
4200 1 0
4256 1 1
4392 1 0
4456 2 0
5097 1 0
5160 1 0
5672 1 0
5985 1 0
6137 1 0
6216 1 0
6272 2 0
6280 1 0
6304 2 1
6312 1 1
6400 4 0
6402 1 0
6432 1 0
6440 1 0
6530 1 0
6532 1 0
6568 2 0
6576 1 0
6600 1 0
6792 1 0
6816 1 0
6912 1 0
6954 1 0
7040 1 0
7080 2 1
7332 2 0
7426 1 0
7428 1 0
7466 1 0
7560 1 0
7588 1 0
7596 1 0
8106 1 0
#Tree 6
0.876326 0.416612 0.994392 0.751598 # Feature 0
0.103922 0.622708 0.854273 0.763145 # Feature 1
0.172256 0.113940 0.992885 0.414314 # Feature 2
0.380143 0.062501 0.450931 0.789566 # Feature 3
0.228458 0.697292 0.386877 0.247649 # Feature 4
0.231502 0.849283 0.902588 0.803928 # Feature 5
0.613534 0.663458 0.738469 0.452902 # Feature 6
0.931007 0.436138 0.171790 0.273069 # Feature 7
0.465220 0.955457 0.369525 0.607398 # Feature 8
0.533230 0.999677 0.575270 0.555215 # Feature 9
0.505000 0.540809 0.380896 0.724384 # Feature 10
0.729940 0.104473 0.885740 0.639572 # Feature 11
0.287519 0.332947 0.834822 0.860170 # Feature 12
114 #numLeaves
94 1 0
208 3 0
216 1 0
218 2 0
408 1 0
412 1 0
440 1 0
441 1 0
442 3 0
444 2 0
448 1 0
464 4 0
472 3 0
474 1 0
488 1 0
500 1 0
504 1 1
505 1 0
508 3 0
510 2 0
924 1 0
952 1 0
1114 1 0
1178 1 0
1240 1 0
1449 1 0
1466 1 0
1476 1 0
1480 1 0
1484 1 0
1488 3 0
1492 1 0
1496 4 3
1497 1 0
1498 1 1
1500 2 0
1513 1 0
1532 2 0
1948 1 0
2044 1 0
2264 5 0
2267 1 0
2296 2 0
2364 1 0
2396 1 0
2441 1 0
2457 1 0
2484 1 0
2492 1 0
2496 1 1
2500 1 0
2512 1 0
2524 2 0
2526 2 0
2540 1 0
2550 1 0
2553 1 0
2554 1 0
2556 4 0
2557 1 0
2558 1 0
2559 1 0
2972 1 0
3028 1 0
3290 1 0
3480 1 0
3484 5 0
3516 1 0
3517 1 0
3528 2 1
3536 3 0
3538 1 0
3540 1 0
3544 10 11
3547 2 1
3548 6 1
3576 2 0
3580 1 0
3992 1 0
3996 1 0
4028 1 0
4056 1 0
4057 1 0
4314 1 0
4346 1 0
4568 1 0
5336 1 0
5338 1 0
5529 2 0
5545 2 0
5561 1 0
5596 1 0
5625 1 0
5628 1 0
6360 1 0
6588 1 0
6617 1 0
6618 1 0
6621 1 0
6644 2 0
6649 1 0
6653 1 0
7576 1 0
7580 1 0
7597 1 0
7612 1 0
7613 3 0
7640 1 0
7644 1 1
7664 2 0
7675 1 0
7676 1 0
8088 1 0
8148 1 0
#Tree 7
0.869593 0.256493 0.871668 0.117701 # Feature 0
0.192914 0.305698 0.859094 0.796018 # Feature 1
0.674653 0.900227 0.112347 0.221748 # Feature 2
0.915445 0.880067 0.285789 0.257320 # Feature 3
0.771159 0.861763 0.644237 0.684291 # Feature 4
0.882928 0.369671 0.066247 0.417820 # Feature 5
0.301778 0.980467 0.702029 0.007365 # Feature 6
0.783108 0.703318 0.672688 0.870522 # Feature 7
0.869669 0.524435 0.177187 0.980344 # Feature 8
0.642137 0.393063 0.217912 0.447246 # Feature 9
0.868569 0.031640 0.773726 0.009820 # Feature 10
0.042467 0.744825 0.278844 0.523352 # Feature 11
0.969781 0.102328 0.819686 0.470454 # Feature 12
106 #numLeaves
331 2 0
334 2 0
835 1 0
838 1 0
839 5 1
841 1 0
846 1 0
847 3 0
849 2 0
871 1 0
877 2 0
963 1 0
975 1 0
1350 1 0
1358 2 0
1479 1 0
1607 2 0
1615 4 1
1798 1 0
1862 1 1
1863 7 2
1870 5 0
1873 1 0
1879 1 0
1926 3 0
1991 1 0
1998 1 0
1999 2 1
2371 2 1
2639 1 0
2883 3 3
2887 1 1
2891 3 0
2894 2 0
2910 1 0
2915 1 0
2919 1 0
3014 1 0
3651 1 0
3655 3 0
3663 3 0
3671 1 0
3910 1 0
4419 1 0
4421 1 0
4423 2 1
4431 1 0
4551 1 0
4675 1 0
4679 1 0
4687 1 0
4929 1 0
4931 3 1
4934 1 1
4935 2 0
4939 1 0
4942 1 0
4943 2 1
4964 1 0
4967 1 0
4971 1 0
4981 1 0
4982 1 0
4983 1 0
5063 2 0
5071 1 0
5187 1 0
5446 1 0
5454 1 0
5703 2 0
5711 1 0
5955 1 2
5958 1 1
5967 1 0
5987 1 0
5990 3 0
6094 1 0
6110 1 0
6213 1 0
6215 4 1
6343 1 0
6467 1 0
6468 1 0
6471 1 0
6483 1 0
6501 1 0
6727 3 0
6979 1 0
6982 6 3
6983 4 0
6991 1 0
6994 1 0
7107 1 0
7109 2 0
7111 4 0
7143 1 0
7235 3 0
7239 1 0
7242 1 0
7254 1 0
7747 2 0
7750 1 0
7751 1 0
7754 2 0
8006 1 0
8038 1 0
#Tree 8
0.926986 0.854907 0.426604 0.934753 # Feature 0
0.387852 0.632231 0.906357 0.147352 # Feature 1
0.540272 0.343122 0.859704 0.037949 # Feature 2
0.811880 0.271485 0.855588 0.870384 # Feature 3
0.540878 0.534808 0.524330 0.423039 # Feature 4
0.021274 0.554457 0.763045 0.498689 # Feature 5
0.467937 0.617603 0.046054 0.032396 # Feature 6
0.486974 0.571333 0.395105 0.522923 # Feature 7
0.772503 0.453133 0.808895 0.094785 # Feature 8
0.052884 0.826935 0.303686 0.042691 # Feature 9
0.506413 0.285959 0.109358 0.982687 # Feature 10
0.019645 0.173411 0.524346 0.675855 # Feature 11
0.086445 0.873180 0.538257 0.478759 # Feature 12
124 #numLeaves
171 1 1
187 2 0
235 1 0
241 1 0
299 1 0
315 1 0
443 1 0
1195 2 0
1211 4 1
1273 1 0
1387 1 0
1435 1 0
1450 1 0
1451 5 0
1466 1 0
1467 3 0
1481 1 0
1485 1 0
1497 1 0
1513 1 0
1517 1 0
1529 1 0
1530 1 0
1531 1 0
1937 1 0
2219 1 0
2235 1 0
2251 1 0
2277 1 0
2280 1 0
2283 1 0
2285 1 0
2297 1 0
2299 1 0
2368 1 0
2400 1 0
2443 2 2
2475 2 1
2491 3 2
2506 1 0
2507 5 0
2508 1 0
2510 1 0
2539 8 0
2541 1 0
2555 1 0
3049 1 0
3053 1 0
3112 1 0
3225 1 0
3243 1 0
3259 1 1
3272 1 0
3275 1 0
3288 2 0
3293 1 0
3304 4 0
3305 2 0
3307 1 0
3311 1 0
3313 1 0
3320 2 0
3321 3 0
3323 1 0
3324 2 0
3433 1 0
3437 1 0
3465 1 0
3483 1 2
3485 1 0
3496 1 0
3497 2 1
3499 1 0
3500 1 0
3501 1 0
3514 1 0
3515 3 3
3528 1 0
3529 1 1
3532 1 0
3533 1 0
3545 2 1
3560 5 0
3561 1 1
3563 1 0
3564 2 1
3565 2 0
3567 1 0
3576 2 0
3579 1 0
3819 1 0
3821 1 0
3825 1 0
3947 1 0
4072 1 0
4073 4 0
4076 1 0
4522 1 0
5513 1 0
5545 1 0
5547 1 0
5560 1 0
5563 1 0
6184 1 0
6312 1 0
6376 1 0
6380 1 0
6408 1 0
6444 1 0
6472 1 0
6532 1 0
6540 1 0
6600 1 0
6604 1 0
6616 1 0
7357 1 0
7480 1 0
7560 1 0
7593 1 0
7595 1 1
7624 1 0
7653 2 0
7660 1 0
7661 1 0
#Tree 9
0.506533 0.299840 0.413003 0.344194 # Feature 0
0.871592 0.838942 0.102172 0.196499 # Feature 1
0.555389 0.424330 0.714240 0.233339 # Feature 2
0.727394 0.302702 0.508484 0.092124 # Feature 3
0.325341 0.998453 0.999447 0.711751 # Feature 4
0.399947 0.915277 0.068585 0.703079 # Feature 5
0.646217 0.966967 0.821533 0.497814 # Feature 6
0.752719 0.952958 0.363210 0.467853 # Feature 7
0.199519 0.319607 0.637252 0.293620 # Feature 8
0.877285 0.523256 0.367778 0.237859 # Feature 9
0.699470 0.999001 0.202858 0.442180 # Feature 10
0.722977 0.079263 0.168652 0.539282 # Feature 11
0.715610 0.251904 0.750680 0.674102 # Feature 12
136 #numLeaves
116 1 1
229 2 0
244 1 0
245 1 0
252 1 0
253 1 0
629 1 0
757 1 0
765 1 0
836 1 0
868 1 1
997 1 0
998 1 0
1013 1 0
1144 1 0
1340 1 0
1380 1 0
1384 1 0
1404 1 0
1508 1 0
1512 1 0
1528 2 0
1908 2 1
1909 1 0
2277 1 0
2404 1 0
2532 1 0
2533 2 0
2534 1 0
2535 1 0
2541 1 0
2542 3 0
2543 1 0
2551 1 0
2916 1 0
3044 1 0
3057 1 0
3061 1 0
3069 1 0
3160 1 0
3176 1 0
3196 1 0
3292 1 0
3320 1 0
3416 1 0
3444 1 0
3558 1 0
3576 1 0
3580 1 1
3909 1 0
3924 1 0
3941 1 0
4037 1 0
4085 1 0
4149 1 0
4157 1 0
4204 1 0
4220 1 0
4244 1 0
4325 1 0
4340 1 0
4344 1 0
4348 2 0
4444 1 0
4476 3 1
4540 1 0
4580 1 0
4596 2 0
4604 1 0
4669 1 0
4732 1 0
4733 1 1
4820 1 0
4852 1 0
4853 2 0
4861 1 0
4964 1 1
4976 1 0
4980 1 0
5077 1 0
5204 1 0
5224 1 0
5232 1 0
5240 1 0
5244 1 1
5308 1 0
5332 2 0
5364 1 0
5372 1 0
5428 1 0
5436 1 0
5469 1 0
5488 1 0
5492 5 0
5500 2 0
5501 2 0
5556 2 0
5560 1 0
5561 2 0
5565 1 0
5592 1 0
5608 1 0
5616 1 0
5620 8 0
5624 2 0
5628 8 0
5953 1 0
6000 1 0
6004 1 0
6342 1 0
6364 1 0
6374 1 0
6500 2 0
6508 1 0
6516 1 0
6527 1 0
6630 1 0
6653 1 0
7012 2 1
7024 2 0
7142 1 0
7143 1 0
7272 1 0
7284 1 0
7541 1 0
7548 1 0
7629 1 0
7637 1 0
7672 1 0
7780 1 0
7796 1 0
7902 1 0
7989 1 0
8157 1 0
8181 1 0
8190 1 0
